name: dsp_emr
channels:
  - anaconda
  - conda-forge
  - defaults
dependencies:
  - ca-certificates=2019.11.28=hecc5488_0
  - certifi=2019.11.28=py38_0
  - cffi=1.13.2=py38hb32ad35_0
  - cryptography=2.8=py38hb32ad35_1
  - icc_rt=2019.0.0=h0cc432a_1
  - idna=2.8=py38_1000
  - intel-openmp=2020.0=166
  - libblas=3.8.0=14_mkl
  - libcblas=3.8.0=14_mkl
  - libgpuarray=0.7.6=hfa6e2cd_1003
  - liblapack=3.8.0=14_mkl
  - libpython=2.0=py38_0
  - mako=1.1.0=py_0
  - markupsafe=1.1.1=py38hfa6e2cd_0
  - mingw=4.7=1
  - mkl=2019.4=245
  - numpy=1.18.1=py38hc71023c_0
  - openssl=1.1.1d=hfa6e2cd_0
  - pip=20.0.2=py_2
  - pycparser=2.19=py38_1
  - pygpu=0.7.6=py38hc8d92b1_1000
  - pyopenssl=19.1.0=py38_0
  - pysocks=1.7.1=py38_0
  - python=3.8.1=he1f5543_2
  - scipy=1.3.2=py38h582fac2_0
  - setuptools=45.1.0=py38_0
  - six=1.14.0=py38_0
  - sqlite=3.30.1=hfa6e2cd_0
  - theano=1.0.4=py38h6538335_1001
  - urllib3=1.25.7=py38_0
  - vc=14.1=h0510ff6_4
  - vs2015_runtime=14.16.27012=hf0eaf9b_1
  - vs2015_win-64=14.0.25420=h55c1224_11
  - wheel=0.34.2=py_1
  - win_inet_pton=1.1.0=py38_0
  - wincertstore=0.2=py38_1003
prefix: C:\ProgramData\Anaconda3\envs\dsp_emr

